$ANSIBLE_VAULT;1.1;AES256
34653534653330323866366562383837383934313133633363643235613464643166633733623732
3438336132353263383938393063666463623862643266330a376432356665393063363232323535
64323037366236336136396235363930636437613932636663623361636261663331613335386262
3935356466313338610a643336343962343339393266366663313830616530663930643564313461
38663431373363306236303630396664396134323866343139303539383563343635336134336633
34373536303137646233656532666664646166396535386332613333633231393037323737343338
34376164363966636663653534633833313766663931336332613765376132663366646631356336
33313439626164353433623739656430616139393830363035636137653436333930643062623365
34643438633338366137356332353232663038323634323862333066336264613034633061633037
33303139313538393637356335346463613061356332643330663963353061643431316131643864
64643564383534653931306234313462323039363335333536376535306561653937653462626234
34323263373365633339373664656131303334656436326266643266626238303436373336306161
31626661323365633836373837396564356666386564643935653965376637326434323266633165
61326437336530306536313762316636353834306539333765396236373338643930386262353832
35336233306535373837623864633634336266393766616330643430386130373033383061306162
66353437633735646132636333363363356532353962613562633633393961633164396631316464
31383438363836626434336463313364646239343065393134656232316564376239376636623662
37313036633238366231633061356536326333323365353064363837373165356562616330633432
37356136626531633037643838383638636535346335316364393935663237306630393061336636
31316438303733313739386563343262373662383763643262613330633135356339326465643239
66353839333766376439613036396134663732323863653431396362366362313638386666656565
37666333303965663832633431323035643236313236386333356236363830656263313636653530
63373339643034356332643561306636623739633365636333643363613639376536653538363066
62636432383532356139356365623539316462666434333330623533663964353836316663623339
30313763316431363330616138336639623036633563303633613964666536363234346365643234
65356233616539616466303537323132366336396436303139346633633362363262316239326636
33623638666530623739373131386230376666343766623438333761666138616431613665336434
36626563313036663432333165646130323834626634353930353065383033343831363031656234
6137
